# number of nodes = 27
# number of edges = 87
0:10,8,9,3,23,26,13
1:11,21,26,16,19,3,25,22
2:24,13,20,14,15
3:23,11,22,1,21,16,26,25,0,13,19,8
4:5,7
5:18,4,17,7,9
6:9,10,23,17,8,12
7:5,4
8:12,9,0,13,19,10,26,6,23,17,3
9:26,6,8,23,0,12,5,17,10
10:17,0,6,23,26,8,12,9
11:1,22,16,3,26,25,19
12:17,8,23,9,10,6
13:23,8,2,3,14,0
14:24,21,2,20,13
15:2
16:22,25,19,11,1,3
17:10,12,23,5,6,9,8
18:5
19:16,23,1,8,22,11,26,25,3
20:21,2,24,14
21:14,24,1,20,3,22
22:11,16,25,26,3,19,1,21
23:26,17,3,6,10,13,19,9,12,8,0
24:14,21,2,20
25:26,16,22,11,1,3,19
26:9,23,25,1,22,11,10,3,8,19,0
