# number of nodes = 29
# number of edges = 120
0:17,1,3
1:0,3
2:17,28,11,23,7,19,20,14,26,10
3:17,5,22,15,1,0
4:12,27,20
5:3,6,22,15
6:9,15,5,21
7:25,19,8,24,18,2,11,14,16,10,23,26
8:24,18,7,9,25,19,10,16,26,23,14,11
9:6,21,19,8,25,23,18,11,15
10:18,24,23,14,19,25,20,26,8,16,11,7,2,28
11:28,2,16,26,20,25,14,7,19,9,10,23,24,18,8
12:28,27,4,13,20
13:12
14:18,24,10,19,26,11,23,7,2,16,8,20
15:3,6,22,21,9,5,17
16:25,19,11,23,26,8,14,10,7,24,18
17:0,2,3,22,28,15
18:19,14,10,25,8,26,7,9,23,11,16,24
19:18,7,24,16,23,9,14,10,8,11,2,26,25
20:26,28,11,10,12,27,2,14,4,23
21:9,15,6
22:17,3,15,5
23:26,25,10,28,19,2,16,24,9,14,8,11,18,7,20
24:8,14,19,10,7,23,25,26,11,16,18
25:7,26,16,23,18,9,8,10,24,11,19
26:28,23,25,18,20,11,16,14,10,8,19,24,2,7
27:12,4,20
28:11,26,12,2,23,20,17,10
