# number of nodes = 31
# number of edges = 105
0:7,10,30,18,28,22,29,13
1:6,28,5,10,19,30,7,2
2:5,6,28,1
3:12,27,14
4:11,13,29,20
5:2,1,28
6:1,2,14,27,12
7:0,28,18,13,30,1,16,29,10
8:24,15,21,9,25,19,10,26,23
9:21,8,23,17
10:0,18,29,30,1,19,26,8,16,21,7,28
11:16,4,20,13,29,18,17
12:3,27,14,6
13:20,29,22,4,11,7,18,0
14:6,12,3,27
15:8,26,23,25,19,24
16:11,29,20,17,10,7,21,18
17:20,16,21,9,11
18:30,10,20,0,7,21,28,13,11,16,29
19:24,23,10,1,8,15,21,26,25
20:17,13,18,11,16,29,4
21:9,8,18,19,26,17,10,16,25
22:28,30,13,0
23:26,25,19,15,24,9,8
24:8,27,19,23,25,15,26
25:26,23,8,15,24,19,21
26:23,25,15,10,21,8,19,24
27:24,12,3,6,14
28:1,7,22,2,0,18,30,5,10
29:10,16,13,4,11,20,7,0,18
30:18,0,10,1,22,7,28
