# number of nodes = 32
# number of edges = 77
0:17,11,18,15,25,9,16,3
1:31,14,9,18,7
2:23
3:11,22,15,16,26,25,0,19,8
4:21,6,13,30
5:24,14,30,6
6:30,4,5,24
7:18,31,14,1,9
8:15,25,11,17,3
9:25,18,1,0,17,7
10:23,29,27
11:15,3,0,26,25,8,17
12:21
13:30,4
14:31,18,24,5,1,7
15:8,11,16,26,25,3,19,0,22
16:22,19,15,26,3,0
17:25,0,9,8,11
18:14,31,0,7,9,1
19:16,28,22,15,26,3
20:27
21:4,12
22:16,28,26,3,19,15
23:10,2,31,27,29
24:14,5,6
25:17,9,8,15,11,0,3
26:28,22,15,11,16,3,19
27:20,23,29,10
28:26,22,19
29:10,27,31,23
30:13,5,6,4
31:14,1,18,7,23,29
