# number of nodes = 33
# number of edges = 120
0:10,1,18,31,15,22,25
1:11,28,0,15,10,20,25,18,22,8
2:14,26
3:7,11,28,17,6,16,4,13
4:16,21,6,17,13,3,7
5:19,12
6:7,13,16,3,4,17,21
7:3,6,28,8,17,11,20,13,4,16
8:15,18,7,28,22,10,16,20,11,1
9:19,25,29,12,32,31
10:0,18,1,32,25,20,15,8,31,22
11:28,1,22,15,16,3,20,7,8,17
12:31,27,29,32,25,19,9,5
13:17,6,16,4,7,21,3
14:26,23,2,27
15:20,8,11,1,25,28,32,10,0,22,31,18
16:28,4,6,11,13,17,3,8,7
17:13,3,4,7,6,16,28,21,11
18:10,20,25,8,31,0,22,1,15
19:29,23,9,27,32,31,12,5
20:15,18,28,11,10,1,7,22,8
21:4,17,6,13
22:11,28,25,8,18,0,15,20,31,10,1
23:19,14,27,30
24:26
25:31,22,18,9,15,10,32,1,29,0,12
26:14,24,2
27:12,19,32,23,14
28:11,16,1,7,22,3,8,15,20,17
29:19,12,9,25,32,31
30:23
31:25,12,18,0,10,19,15,32,22,29,9
32:10,12,15,25,19,27,29,31,9
