# number of nodes = 34
# number of edges = 100
0:27,21
1:17,33,30,14,4,7,22
2:5,32,20,26,9
3:23,28,25,13,8,29
4:10,15,12,31,17,22,33,1,18,25
5:2,20,9,32
6:9,28,26,13,29,32,8
7:22,33,14,30,1
8:28,13,29,6,23,3
9:26,6,20,5,2,32
10:17,18,4,15,31,33,27
11:16,19,24
12:17,4,18,25,33
13:23,6,29,8,28,3
14:17,33,22,1,7,30
15:27,4,33,10,31,18,17
16:19,11,21,24
17:14,10,1,25,12,18,22,4,33,15
18:10,17,25,31,12,33,4,15
19:24,16,11,21
20:32,26,9,5,2
21:24,0,19,16
22:7,14,17,30,4,33,1
23:3,13,28,8,29
24:19,21,11,16
25:17,18,12,3,4
26:9,32,6,20,2
27:15,0,31,32,10
28:6,23,3,8,29,13
29:6,13,28,8,23,3
30:1,22,33,7,14
31:4,18,27,33,10,15
32:26,20,2,6,27,5,9
33:15,14,1,31,22,4,30,7,17,10,18,12
