# number of nodes = 35
# number of edges = 119
0:20,27,21,33,18,8,2,19,6,16,29
1:31,16,19,23,29,8
2:5,28,33,0,21,15
3:28,5,15,10,9,32,25
4:15,21,28,6,27,33,13,9,20
5:2,3,10,15,28
6:28,13,4,20,27,15,33,8,0,21,19
7:9,26
8:21,31,0,13,19,33,6,14,20,17,1,27
9:3,4,15,28,32,10,7
10:32,5,25,15,3,9,28
11:16,34,30,29,24,18
12:31,17,23,14
13:17,20,6,19,8,4,27
14:17,31,23,12,8
15:4,28,3,32,10,6,21,9,5,2
16:11,1,29,30,0,24,18,34
17:14,13,12,8
18:30,0,34,11,16,24,29
19:29,33,1,13,27,8,21,0,20,6
20:0,13,21,33,6,27,8,4,19
21:28,8,4,0,27,20,33,19,15,6,2
22:26
23:12,31,14,1
24:30,34,29,11,16,18
25:10,32,3
26:22,7
27:0,33,21,19,6,4,20,13,8
28:6,21,2,3,4,15,9,5,10
29:19,30,16,33,24,11,1,0,18
30:24,18,29,11,16,34
31:12,14,1,8,23
32:10,15,25,3,9
33:19,27,0,21,29,20,2,4,8,6
34:11,24,30,18,16
