# number of nodes = 36
# number of edges = 81
0:32,30,1,11,8,6,35
1:0,30,4,29,24
2:12,9,10
3:12,13
4:31,22,33,1,29,18
5:8,14,23,16,25
6:35,32,11,30,27,17,8,0
7:18,31,26
8:5,35,32,0,6,23,14
9:33,12,2,10
10:12,2,9
11:28,27,35,0,6,17,32
12:3,2,13,9,10
13:12,24,3
14:5,19,23,8,32
15:20,17
16:25,35,5
17:27,6,28,15,11
18:19,26,31,7,22,4,29
19:18,34,14,21
20:15
21:34,19
22:29,18,4,33,31
23:25,5,14,8
24:30,29,1,13
25:16,23,5
26:18,31,7
27:11,28,17,6,35
28:11,35,27,17
29:30,33,22,4,24,1,18
30:24,29,0,6,1
31:4,18,7,26,22
32:0,35,8,6,11,14
33:29,22,4,9
34:21,19
35:6,28,32,8,16,11,27,0
