# number of nodes = 37
# number of edges = 153
0:20,24,8,2,28,22,25,12,19,16
1:33,19,25,22,8
2:22,27,17,28,24,33,0,19,20,3,26
3:24,23,28,17,27,33,22,16,2,26,4,14,20
4:16,28,6,17,24,3,23,14,20
5:34,26,29,9,15
6:35,23,14,30,4,36,21
7:15
8:12,28,25,0,22,19,1
9:26,21,36,14,30,29,5,31,35
10:13,32,11
11:27,13,33,10,18,32
12:28,8,25,0,19
13:32,10,34,11,18,33,27
14:17,31,9,36,21,6,23,35,16,30,3,4,20
15:29,7,5
16:28,4,23,20,17,3,14,0,24
17:14,20,2,3,24,22,27,4,16,28,33,26,19
18:32,13,34,11
19:24,33,28,1,8,22,2,0,12,25,17,20
20:0,17,26,33,28,16,27,22,2,24,3,14,4,19,23
21:9,31,14,30,36,23,6,35
22:2,28,17,3,8,19,33,27,0,20,24,1
23:35,3,6,16,36,14,21,30,4,20
24:3,27,19,33,0,17,28,2,4,20,26,16,22
25:8,1,0,12,19
26:9,20,29,34,5,3,17,24,2,27
27:24,11,2,34,33,3,17,22,20,29,26,13
28:16,22,12,2,3,8,4,19,24,20,0,17
29:34,15,26,9,5,27
30:9,6,21,36,31,14,23,35
31:14,21,35,30,36,9
32:13,10,18,11
33:24,19,1,27,3,20,2,22,17,11,13
34:29,5,27,13,26,18
35:6,23,31,36,14,21,30,9
36:9,35,14,21,30,23,6,31
