# number of nodes = 38
# number of edges = 111
0:14,21,24,5,6,29
1:34,16,19,30,32,23,27
2:5,11,18,7,33,3,25,26,10,36
3:12,18,11,17,33,10,2,26
4:16,31,37,28,34
5:2,18,14,0,33,26,6
6:28,7,14,31,0,5
7:25,6,18,2,11,36
8:15,35,22,13,36
9:21,14,24
10:17,18,35,13,36,3,33,11,12,2
11:36,2,35,3,26,25,7,33,10,18,12,17
12:3,36,13,35,10,11
13:35,10,12,22,8,15,36
14:9,24,5,21,0,6,29
15:8,36,22,13,35
16:4,1,32,23,34
17:10,18,3,33,26,11
18:5,10,17,3,2,26,7,33,11
19:1,27,20,30
20:19
21:9,14,24,0,29
22:8,36,13,15,35
23:16,34,1,27,32
24:14,21,0,9,29
25:7,11,2,36
26:18,33,11,5,3,17,2
27:19,23,30,1
28:6,31,4
29:14,24,21,0
30:1,27,19
31:28,37,4,6
32:16,1,23,34
33:26,3,2,5,17,11,10,18
34:1,23,4,32,16
35:10,36,13,8,11,12,15,22
36:35,10,11,12,15,22,8,7,25,13,2
37:31,4
