# number of nodes = 39
# number of edges = 134
0:4,33,8,31,22,12,16,23
1:19,14
2:23,20,4,26
3:7,18,11,15,10,32
4:0,16,26,12,31,22,33,2,23,20
5:8,9
6:35,7,10,25,13,29,32,27,15,18,21,24,38
7:25,3,6,19,15,24,18,34,36,29,10,32
8:5,12,31,0,33
9:21,13,5,28,35
10:6,18,29,32,25,15,3,7
11:3,32
12:31,22,8,4,23,0,16,33,26
13:35,38,6,29,9,25,28,21,27
14:17,34,19,1
15:27,29,7,25,3,32,10,6,18,38
16:22,4,23,26,33,0,12,31
17:14,37,19,30
18:10,25,3,7,32,27,6,15,29
19:7,24,34,14,1,37,36,17
20:26,22,2,4,23
21:28,9,27,29,6,35,13,38,25
22:16,12,23,26,4,33,0,20,31
23:26,22,2,16,12,4,0,20
24:19,36,7,34,6
25:7,6,38,18,15,10,13,35,29,27,21
26:23,4,22,20,16,2,12
27:15,21,38,6,18,25,29,35,13
28:21,13,9
29:15,10,6,13,25,21,32,35,7,27,38,18
30:37,17
31:12,8,4,0,33,22,16
32:6,10,18,15,3,29,7,11
33:0,31,22,4,8,16,12
34:36,19,14,7,24
35:6,13,25,38,21,29,27,9
36:34,24,7,19
37:19,30,17
38:25,13,27,35,21,29,15,6
