# number of nodes = 40
# number of edges = 179
0:7,27,33,28,22,25,9,3,29,13,35
1:14,18,39,27
2:27,6,17,29,19,13,39,3,14,25,4,26,9,16,31
3:39,6,27,31,16,9,2,26,4,25,0,14,13,19,29
4:19,5,16,26,31,6,17,13,29,3,2,9,25
5:11,4,21,34,17,26,16,6,19,12
6:9,2,26,16,14,29,3,4,27,17,31,5,21,12,19
7:0,28,22,38,33
8:24,15,10
9:26,6,39,25,13,29,3,27,0,4,2,28,31,35
10:35,13,24,25,15,8
11:5,16,26,20,17
12:17,34,36,14,19,16,5,21,6
13:35,10,26,29,9,25,4,2,15,31,24,3,0
14:21,6,19,1,12,2,16,3,27,39
15:8,25,10,13,24,35
16:4,19,6,11,29,26,17,3,14,5,12,2,31
17:20,12,2,5,4,6,16,31,26,19,11
18:30,37,27,38,28,1,33,39
19:4,16,34,14,2,21,31,12,26,5,17,3,6
20:17,32,26,11,23
21:34,5,14,36,19,6,12
22:28,7,33,0,38
23:26,24,31,32,20
24:8,10,23,25,15,13,35
25:31,26,9,15,10,24,13,35,29,0,2,3,4
26:9,23,25,6,4,13,20,29,11,16,5,3,31,17,19,2
27:28,2,39,0,33,3,6,18,9,29,14,1
28:35,7,22,27,33,29,38,0,18,9,39
29:6,26,16,13,2,28,9,25,4,35,27,31,0,3
30:18,33,37,38
31:25,4,23,3,17,19,6,26,13,29,2,9,16
32:20,23
33:39,27,0,38,28,22,30,7,18
34:21,36,12,5,19
35:28,10,13,25,29,15,24,9,0
36:34,12,21
37:38,18,30
38:37,7,33,28,18,22,30
39:33,27,9,3,2,28,14,18,1
