# number of nodes = 41
# number of edges = 182
0:7,4,14,36,22,12,9,26,13,35
1:40,38,10,25,18,27
2:5,19,39,21
3:7,33,16,26,14
4:36,0,35,26,12,31,11,8,22,33,29,7,9,14,30
5:2,24,21,37,20,39,6,19,22
6:11,20,31,5,21,24,22,37,19
7:12,0,3,35,40,33,14,36,30,4,16,29,9,26
8:15,31,35,4,29,23,11,30,17,34
9:26,36,14,30,29,33,0,12,22,4,7,35
10:1,32,25,27,40
11:22,35,31,6,4,30,24,37,8,17
12:7,22,4,36,13,14,0,9
13:12,22,36,14,0
14:9,36,0,33,22,26,7,12,35,16,3,4,13
15:8,34,23,28,31,17
16:26,3,33,14,7
17:23,34,28,31,8,15,11,30,35
18:30,25,27,38,1,23,29,40
19:39,22,2,21,5,20,6
20:37,21,6,5,24,39,19
21:37,5,24,20,39,19,6,2
22:11,12,14,36,13,4,19,0,9,37,31,6,5,35
23:17,38,28,15,34,8,18,30,29
24:5,21,31,37,20,6,11
25:38,18,33,40,10,32,1,27
26:9,4,29,33,16,40,14,3,36,7,0
27:40,33,38,18,25,29,10,1
28:23,15,17,34
29:30,40,26,33,36,9,8,4,35,7,27,38,23,18
30:18,29,9,36,31,11,7,23,38,8,35,17,4
31:35,8,37,4,24,11,30,17,6,15,22
32:10,25,40
33:36,25,14,27,40,26,3,29,4,7,9,16
34:15,17,23,28,8
35:31,36,4,7,8,11,14,29,37,22,30,9,17,0
36:4,33,9,35,14,12,0,22,30,29,7,13,26
37:21,20,5,31,24,22,35,6,11
38:40,25,23,1,27,18,30,29
39:19,21,2,5,20
40:38,1,27,29,33,7,25,26,32,10,18
