# number of nodes = 42
# number of edges = 174
0:10,27,14,24,19,38,13
1:40,31,21,10,23,9,7,2
2:11,12,23,7,39,20,1,9,31,10
3:11,6,22,37,26,30
4:41,36,34,25
5:17,33,35,15,28,41
6:26,3,11,30,15,33,22,37
7:12,38,31,2,11,20,30,1,10,23,9,26,39
8:18,32,25,29,16,14
9:39,19,20,23,38,11,1,27,12,2,10,31,7
10:0,24,23,1,19,38,31,21,12,27,7,2,9
11:2,3,6,26,20,39,7,9,30,33,23,12
12:7,31,17,39,27,2,23,20,9,10,38,11
13:29,19,24,0
14:17,18,24,0,19,25,38,16,8,27,32
15:33,26,28,6,35,5,17
16:25,29,32,8,14,27,18,34
17:14,12,18,5,27,38,28,33,32,15,35
18:19,14,35,17,25,8,32,27,38,16
19:18,24,9,14,10,13,38,27,32,0
20:30,26,9,31,11,7,12,2,39,23
21:31,40,1,10
22:3,30,37,6
23:10,40,2,9,12,31,1,11,7,39,20
24:27,14,19,10,0,38,13
25:16,18,8,14,32,41,36,4,34
26:28,37,6,15,20,33,11,30,39,3,7
27:24,0,12,17,19,38,18,32,9,16,14,10
28:26,35,15,33,17,5
29:16,13,8
30:20,39,6,26,22,11,7,37,3
31:12,21,1,40,20,7,23,10,39,2,9
32:38,8,16,18,25,19,27,34,17,14
33:15,26,28,5,17,6,11,35
34:36,41,4,32,25,16
35:41,28,18,15,5,33,17
36:4,34,41,25
37:26,3,22,30,6
38:32,7,19,27,9,17,10,14,18,24,12,0
39:30,9,12,11,26,2,20,23,31,7
40:21,1,31,23
41:4,35,36,34,25,5
