# number of nodes = 43
# number of edges = 158
0:7,17,30,21,24,18,5,28,38,41,13
1:6,40,38,26,15,16,10,3,25,35,2
2:6,3,40,1,35,16,10
3:35,40,6,15,1,38,10,16,2,26,32,36
4:41,21,24,18,9,23,34
5:31,11,37,30,0,20,13,32,28,38
6:35,1,10,2,26,16,3,36,15,40,38
7:0,42,19,28,41,17
8:33,14,20,37,11
9:34,25,23,4
10:6,35,1,3,16,40,2
11:28,5,20,14,33,37,8
12:31,22,39,27,36,32,15
13:30,38,26,41,5,28,18,0
14:33,37,11,29,8,20
15:30,16,1,36,26,3,32,6,31,38,12
16:38,15,6,35,1,32,26,36,3,10,2
17:0,41,7,28,42,19
18:41,0,21,13,4,23,34,24
19:7,42,17
20:37,5,28,11,8,14
21:34,4,24,0,18,23,41
22:39,12,27
23:41,34,24,9,21,18,4
24:21,0,23,34,4,41,18
25:9,1,40
26:32,6,38,1,13,15,30,16,3,36
27:39,12,22
28:11,7,37,20,0,17,13,30,5
29:37,42,14
30:13,15,0,32,5,26,36,31,28,38
31:5,12,38,30,36,15,32
32:26,38,30,16,36,12,15,3,5,31
33:14,8,11,37
34:21,41,9,23,24,18,4
35:3,6,10,16,40,1,2
36:12,15,32,30,6,16,31,38,26,3
37:29,20,28,5,14,33,8,11
38:32,16,31,13,1,26,3,36,30,0,15,6,5
39:27,22,12
40:3,1,35,2,10,6,25
41:4,23,7,17,34,18,13,24,21,0
42:7,29,19,17
