# number of nodes = 44
# number of edges = 137
0:10,31,15,34,41
1:17,6,40,5,2
2:5,6,17,33,40,4,1,21
3:23,18,28,22,37,13
4:19,21,12,6,17,2
5:2,11,40,43,1,7,33,26,25
6:1,2,16,4,17,21,40,12,19
7:25,41,15,31,5,33,10,39
8:24,18,35,9,29,34
9:8,23,29,18,35
10:0,41,25,15,31,33,7,39
11:5,26,20,43
12:4,32,19,21,6
13:23,22,37,28,18,3
14:38,30,42
15:34,33,7,25,10,0,39,41,24,31,18
16:6,32,36,21
17:1,2,40,4,6,21
18:3,8,31,37,9,28,13,23,34,15,24,39
19:4,12,6
20:26,11,43
21:4,17,6,16,12,2
22:28,3,13,37
23:35,3,13,28,37,9,18
24:8,39,31,28,25,34,29,15,41,18
25:31,7,33,15,10,24,41,39,5
26:43,20,11,5
27:42,29
28:22,23,37,3,24,13,18,39
29:34,9,8,24,35,27
30:42,14,38
31:25,24,18,7,34,0,33,10,15,39,41
32:16,36,12
33:41,39,15,25,40,2,5,31,7,10
34:29,15,41,31,24,0,39,18,8
35:23,8,29,9
36:32,16
37:28,23,18,13,3,22
38:42,14,30
39:33,24,41,15,34,25,28,31,10,18,7
40:1,5,33,17,2,6
41:33,7,10,34,39,15,25,24,0,31
42:30,38,27,14
43:26,5,20,11
