# number of nodes = 45
# number of edges = 144
0:39,5,31,2,6,29,23
1:40,37,32
2:5,6,23,0,29,39,31
3:34,22,37,4,14,41
4:41,21,12,22,3,34,20
5:31,2,0,23,29,39,6
6:2,23,39,36,31,0,5
7:17,27,10,9,26
8:24,38,18,29,33
9:26,21,25,20,13,18,33,27,17,10,7
10:17,35,25,26,27,7,9
11:28,15,16,19,32
12:40,34,22,4,41,32,33,15
13:17,20,35,26,9,25,43,21
14:37,44,30,3,42
15:11,32,41,12,40
16:28,19,11
17:10,13,25,27,7,43,26,9,35
18:20,8,26,9,38,33,24
19:29,16,28,11,36
20:13,18,26,21,9,33,22,34,41,4
21:9,34,4,20,33,26,13,41,22
22:41,12,3,4,34,20,21
23:6,2,31,5,36,39,29,0
24:8,33,38,18
25:17,43,26,9,10,13,35
26:9,25,13,18,20,33,10,21,17,27,7
27:17,7,9,10,26
28:11,16,19
29:19,36,2,8,5,0,38,23
30:42,14,37,44
31:5,0,23,6,39,2
32:41,12,15,1,40,11
33:41,24,26,21,38,20,9,8,18,12
34:21,12,41,3,22,20,4
35:10,13,25,43,17
36:29,23,6,19
37:44,40,14,1,3,30,42
38:8,33,18,24,29
39:0,6,2,5,23,31
40:41,12,1,37,32,15
41:4,40,33,22,32,34,12,15,21,3,20
42:30,44,14,37
43:25,17,35,13
44:37,42,14,30
