# number of nodes = 46
# number of edges = 207
0:17,4,45,11,18,2,15,22,34,6,16,35
1:11,31,15,10,30,35
2:22,6,17,18,43,0,34,36
3:24,23,39,37,26,42,20,13
4:0,16,35,15,12,28,11,6,17,22,29,18,45,34
5:21,7,36,32,25
6:35,2,45,4,17,36,43,15,18,0,34,22
7:25,44,18,5,36,13,32
8:41,38,9,19,33,40,14,37
9:41,14,19,8,40,38,29,33,37,28
10:29,30,1,19,31,16,11
11:1,15,16,35,31,0,4,34,30,10
12:17,28,45,4,13,18,25,42,16,44,26
13:20,26,12,44,25,7,24,3,39,42
14:9,33,19,40,38,29,41,8
15:30,34,4,11,16,1,0,6,22,31,35
16:28,4,19,15,11,35,29,45,17,30,10,0,12,31,34
17:25,0,12,36,2,18,34,45,22,4,43,6,16,44,35
18:45,17,25,36,2,26,0,7,12,22,6,43,44,4
19:29,16,9,33,28,14,10,38,8,45
20:13,42,37,26,24,3,39,23
21:5,43,36
22:2,45,17,36,43,18,4,0,15,34,6,35
23:3,37,40,20
24:42,3,27,39,20,13
25:7,17,43,18,44,32,13,12,36,5
26:28,13,18,44,20,45,3,42,12
27:24,39
28:26,16,12,42,4,19,33,29,45,9
29:19,10,16,33,28,9,14,4,45
30:15,10,1,31,11,16,34,35
31:35,1,11,34,30,10,15,16
32:25,5,7
33:41,14,19,40,29,38,28,9,8
34:35,15,17,31,2,11,22,30,0,6,4,16,45
35:6,34,31,4,16,11,1,15,22,30,17,0
36:17,18,22,21,6,5,7,44,25,43,2
37:41,38,20,23,40,3,9,8
38:40,37,8,41,33,19,9,14
39:24,27,42,3,20,13
40:41,38,9,23,33,14,37,8
41:9,40,33,8,37,38,14
42:24,20,39,28,44,12,3,26,13
43:25,21,2,22,17,6,18,36
44:7,25,26,13,42,36,17,18,12
45:18,12,0,22,17,6,16,26,29,4,28,34,19
