# number of nodes = 47
# number of edges = 154
0:8,16,26
1:11,30,20,46
2:38,39,40,4,35,31,10
3:24,12,34,27,33,43,9,42,13,19
4:35,31,38,40,2,7,39
5:44,21,37,17,7,36
6:15,18,22
7:21,31,5,11,4,46,32,39
8:32,0,16,26
9:34,33,24,3,27,42,12
10:18,35,23,41,40,2,28
11:1,46,20,7,32
12:3,27,42,9
13:38,19,34,40,43,18,33,24,3,39,42
14:24,33,34,19,25,26,45
15:28,6,22,35,18,40
16:25,26,8,0
17:36,5,44,21
18:10,35,42,22,6,28,13,15,40
19:39,24,34,33,43,14,13,38,42,3
20:30,11,1,46
21:5,37,7,36,17,44
22:28,23,18,15,6
23:41,35,10,28,22
24:42,3,27,14,19,33,43,34,9,38,13
25:26,16,14,45
26:25,16,14,45,8,0
27:24,34,12,33,3,9,42
28:35,22,23,15,18,40,10
29:37
30:20,1
31:35,38,40,4,7,43,39,2
32:8,39,46,7,11
33:34,14,24,19,27,3,38,43,9,42,13
34:33,19,27,9,42,3,14,13,43,24
35:28,23,31,10,18,4,40,38,15,2
36:17,46,21,5,44
37:21,29,44,5
38:40,31,13,2,33,39,19,42,4,35,43,24
39:19,32,38,2,31,13,43,4,7
40:38,31,35,13,43,4,2,28,10,15,18
41:23,10
42:24,34,18,38,43,12,19,9,33,3,27,13
43:24,19,33,3,42,31,34,40,13,38,39
44:5,37,36,17,21
45:26,25,14
46:36,11,32,1,7,20
