# number of nodes = 48
# number of edges = 174
0:1,6,3
1:6,0,3,37
2:42,32,38,24,40,16,15
3:6,1,37,0
4:10,21,12,37,7
5:28
6:35,1,25,44,3,36,0
7:12,44,21,33,4,46,10
8:39,19,20,11,17,47,34
9:14,34,25,43,13,29,18,47,17,35
10:4,37,21,12,7
11:47,22,41,31,26,45,20,14,34,8
12:7,4,37,10,21
13:32,45,23,38,26,9,22,43,18,24,14,42
14:17,18,43,9,22,47,34,25,11,29,20,13
15:16,43,42,24,38,40,2
16:38,15,32,23,42,24,2
17:14,25,29,34,27,47,9,8
18:45,14,26,42,32,22,9,38,43,13,23,24
19:39,34,28,8,47
20:47,26,31,11,22,45,34,8,41,14
21:4,7,46,33,36,10,12,44
22:11,41,26,14,45,13,18,20,47,31
23:26,38,13,16,24,43,32,45,18,42
24:42,43,2,23,40,15,16,38,13,18,32
25:17,6,44,9,14,35,29,36
26:23,22,13,18,20,11,45,31,41
27:28,33,17
28:27,19,39,5
29:34,17,36,9,25,14,35
30:33
31:11,47,20,26,45,22,41
32:13,38,2,16,42,18,43,23,24
33:36,27,21,30,44,7,46
34:29,19,9,17,47,14,11,20,39,8
35:6,36,40,25,29,9
36:33,35,21,29,6,44,25
37:4,10,1,12,3
38:32,23,16,13,2,42,18,43,24,15
39:19,8,34,28
40:42,35,24,43,2,15
41:22,45,11,26,20,31
42:24,2,40,18,32,38,43,16,15,23,13
43:14,15,24,9,42,23,40,18,13,32,38
44:6,7,25,46,33,36,21
45:18,13,41,22,11,26,20,31,23
46:21,44,7,33
47:11,20,31,14,34,19,9,22,17,8
