# number of nodes = 49
# number of edges = 189
0:30,27,24,18,8,12,47,48,35
1:5,47,18,41,27,8
2:42,17,44,19,26
3:7,28,38,37,9,25,46
4:41,10,5,16,47,6,33,24,29,23,20
5:47,4,24,1,10,20,23,29,16,6,41
6:9,10,23,16,29,4,20,46,36,33,34,5,37
7:25,3,28,38,37,34,9
8:24,12,18,0,27,47,1
9:6,36,34,25,38,33,3,37,15,28,7,46
10:6,4,24,23,36,29,5,20,16
11:21,26,40,43,17
12:22,8,35,14,0
13:30,45,35,48,44
14:22,12,35
15:33,46,25,28,39,9,38
16:47,4,41,6,29,23,20,36,33,5,10,24
17:23,2,40,43,31,21,26,42,19,11
18:8,0,32,47,27,1
19:43,2,21,42,31,26,17
20:6,5,10,16,29,36,4,23
21:40,11,43,42,19,26,23,17
22:12,14,35
23:17,6,10,16,5,36,21,4,29,20
24:30,8,5,10,0,47,4,29,16,48,45
25:7,38,33,9,15,37,46,3,39,28
26:43,11,40,21,31,17,19,2,42
27:0,18,32,8,1
28:46,7,37,3,15,33,38,9,39,25
29:10,6,16,5,48,4,24,20,23
30:24,13,0,45,48,44,35
31:40,17,19,26,42
32:18,27
33:36,41,39,15,25,38,28,4,9,6,16,37,46
34:36,9,37,7,6
35:13,45,12,14,22,30,0
36:33,9,34,10,46,37,23,6,16,20
37:38,28,7,34,25,36,46,3,33,9,6
38:37,25,7,33,39,9,3,28,46,15
39:46,33,38,15,25,28
40:21,31,17,11,26,43
41:4,33,16,47,1,5
42:2,21,19,17,31,26
43:26,21,19,17,40,11
44:45,13,2,48,30
45:13,44,48,30,35,24
46:39,28,36,15,6,37,25,38,9,33,3
47:16,5,4,18,1,41,24,0,8
48:45,13,30,44,29,24,0
