# number of nodes = 50
# number of edges = 159
0:32,27,33,46,37,9,47,44,29
1:40,43,36,13
2:48,6,12,24,7,19,30
3:11,28,6,5,21,16,42,48,30,19
4:46,35,37
5:11,21,30,3,26,42,16,6,19,28
6:28,2,42,3,11,30,48,5,19
7:12,25,40,2
8:18,45,25,48,29,40,17
9:29,33,47,27,0,37,32,46,35
10:35,41,37
11:28,42,5,21,16,3,6,30,44
12:7,31,2,24,48,14
13:43,36,1
14:31,24,19,26,12
15:20,34,23,22,38
16:28,11,42,3,5,21
17:25,18,40,8
18:45,17,25,8,29,40
19:14,48,2,31,26,5,3,6,30
20:15,22,34,39,23
21:28,5,11,3,42,16
22:23,15,34,20,38
23:38,22,15,34,20
24:14,31,12,2,26
25:7,17,18,8,40
26:14,5,31,19,24
27:39,0,33,44,32,9,47,29
28:6,21,11,16,3,42,5
29:44,47,33,9,8,32,45,27,0,18
30:42,45,5,48,6,2,11,3,19
31:12,14,24,19,26
32:44,0,39,49,33,27,46,29,37,9,47
33:39,27,0,49,29,32,9,44,47,37,46
34:15,23,38,22,20
35:10,4,46,37,9
36:43,13,1
37:4,10,46,0,33,32,9,35
38:23,34,22,15
39:46,33,27,32,47,20,49
40:1,7,17,8,18,25
41:10
42:30,11,6,28,16,21,5,3
43:1,13,36
44:32,29,45,27,33,47,11,0
45:18,44,48,30,8,29
46:39,4,35,49,0,37,32,9,33
47:29,9,33,44,39,27,0,32
48:2,45,30,8,6,19,12,3
49:46,33,32,39
